.Random.seed <-
c(10403L, 10L, -271273753L, 1006527805L, 109593012L, 1263025690L, 
-1774191259L, -124042241L, 1861821062L, 1601839632L, 119740595L, 
-1688784047L, -2125521152L, 2140376542L, 1697248809L, -981172773L, 
-1739947286L, 643248268L, 1398251471L, -1027131515L, 285840444L, 
272405778L, -140172787L, 798439751L, 175704878L, 1180468872L, 
421621643L, 1483071337L, -160411336L, -391459866L, 486554497L, 
-947629293L, 1153834178L, -1957202060L, 1970879351L, -584885139L, 
-443075836L, -772167126L, -2138929259L, -757044177L, 881583414L, 
1032236384L, 623209379L, -1160532799L, -637735760L, -1772123186L, 
672616249L, 1404464971L, -276038406L, 1880409596L, 1179579967L, 
-1530959083L, 842360876L, -1830086398L, -555380259L, 705802455L, 
-1045095490L, -1093423624L, -1774282277L, -1259341767L, 1610408328L, 
-2002727626L, -639805583L, 1095329187L, -145237774L, 451306564L, 
1529839367L, -2005307683L, 13717460L, -814465286L, 1823654469L, 
1478644383L, -851722202L, 1275839664L, -366656173L, -184975247L, 
221855136L, -1972784834L, -813301687L, -205003525L, -624374582L, 
1701188140L, -1058273745L, -1672558875L, -1989784676L, -357007886L, 
-120674195L, 1067737511L, -1893239858L, 1200961832L, -112981205L, 
17295689L, 1568079448L, -101978362L, -1304118559L, 699952755L, 
-831310110L, -397153708L, 1848898391L, 1121056589L, -1432122652L, 
-1311010102L, -2032751819L, -1154391665L, -1399925098L, 122467904L, 
-1444229373L, 241125153L, 2015694864L, 1611909102L, 1837131673L, 
88145963L, 1045189914L, -885073956L, -1135674913L, 2018319797L, 
1373514572L, 1446283682L, -2097690371L, 904386039L, -833064162L, 
-1643041320L, 661686075L, -1861390119L, -390783896L, 1569677718L, 
526835985L, -2028776765L, -1257936174L, 1265032036L, 1000263335L, 
1501935613L, 1590358516L, 872677082L, -1509883867L, -102642369L, 
579207878L, 1509355344L, 1885990771L, 275165585L, -1284709440L, 
-1760721506L, -396593303L, -1431407717L, -222594390L, -1954081588L, 
-1134563953L, 327354821L, -1640993412L, -376908334L, -485772979L, 
-2002488313L, -1422179346L, 368675528L, 2126603723L, -901136343L, 
1231758968L, -250911834L, 2025432513L, 965665363L, -788666110L, 
-557162444L, -267200073L, -1929146963L, 916620996L, -1982862614L, 
-667546283L, 464732911L, 643162358L, -1658273760L, -1033174557L, 
244564609L, 1037200624L, 405775246L, 899833081L, -565369205L, 
-1715693894L, 545397180L, 1731791615L, 369225301L, -2091910804L, 
1032235458L, 1765229085L, -1355359593L, -141134850L, -2072227912L, 
1106109339L, 1407494649L, -714114744L, -1334655882L, 1729860017L, 
1658077155L, -230400846L, -1731333884L, 1901673031L, -495977187L, 
2089208724L, -1817985222L, 1084121989L, 203266143L, -1823347994L, 
-1117892240L, 1637726867L, 378577713L, 1910538720L, -1118718338L, 
1934753033L, -799256773L, 1095960330L, 443692780L, 1231954799L, 
597988517L, 1369310812L, -1188213198L, 1015524653L, -2074240025L, 
-81634546L, -1240195864L, 940439275L, 789469065L, -1101323496L, 
-55413178L, -1929255263L, 1301801267L, -406943582L, -954693740L, 
-445585897L, -705293811L, 942352164L, 459386168L, 341011162L, 
-657750128L, 675066620L, 1398132628L, -986294206L, -30057216L, 
1057043516L, -956869296L, -2074580830L, 447567688L, 1123274508L, 
-261264676L, -1494451374L, 677970560L, 1066633300L, -1835150360L, 
-181238022L, -1287605936L, 1307503404L, 2124132212L, 362834834L, 
-752443808L, 1579057036L, -849132704L, 1384620002L, 1535598504L, 
-2089933620L, -133550596L, -792960078L, -1093226000L, -90836540L, 
-331529896L, -1281464966L, 2115789232L, -1988169796L, 1375428692L, 
-911367230L, -850863072L, 1598078140L, -984767920L, -1421383710L, 
762195560L, -1742685620L, -201342724L, 2086080498L, 480220416L, 
961711988L, -1763913720L, -2048766534L, -1308621360L, -1526498324L, 
1927704468L, 1907598290L, 1987630944L, -912110260L, 7879968L, 
-1201699966L, -1650277656L, -717994772L, 1142526524L, 772567922L, 
487819888L, 76275748L, -1276367048L, -1812491110L, -1750926640L, 
-1830852420L, -27142508L, 308792962L, 1257966784L, 488120636L, 
1712265360L, -723037662L, -1885458936L, -1341929204L, 1895856796L, 
-1000131054L, 1130087808L, 1003726356L, 470064680L, -484248262L, 
1816668112L, -362945940L, 1633668916L, 487426706L, 404212064L, 
38574412L, 2088910816L, 1395566498L, -1216385112L, -30567540L, 
562214588L, 1243249522L, 1336367344L, -1766870972L, -309482152L, 
1606394938L, 212327280L, -136893380L, 1661170452L, -544087614L, 
248627424L, 1478240124L, 1287792336L, 1831220898L, -1515508696L, 
568185100L, -1264903236L, 1535073586L, -1735968832L, -666885580L, 
1615461320L, 874759354L, -1509027952L, 1086504428L, 65183828L, 
431820434L, 1780093728L, -327739956L, -88089632L, -1240085822L, 
1004980776L, 1267312300L, -995415364L, -1110935054L, 32098608L, 
750640292L, -1289778504L, 1478685530L, -774425200L, 248807804L, 
817566996L, -208948926L, -946095360L, 782171068L, -1791630512L, 
1242962210L, 656375112L, -1403287540L, 1098874972L, -409498414L, 
587393024L, -594994348L, 1509059048L, 2066882554L, 1830280912L, 
-2016479956L, 80761076L, -748382318L, 447364192L, 2012884236L, 
-1275093280L, -1224508062L, -1918700888L, -1156969908L, -1629640836L, 
955431730L, 1401628272L, -1111495356L, 64658392L, -1232715654L, 
-321194448L, -1292340548L, 1470752596L, 2048709186L, -876481632L, 
-1536249668L, 2061478352L, 1732490594L, -315401240L, 1266810828L, 
-1791240452L, -1435590670L, 1254853760L, 776804596L, -567470968L, 
1283392826L, 255943504L, 747097196L, -1513508716L, -153167534L, 
1683998432L, -1411276596L, -1896812384L, 1064300930L, 1541984488L, 
-1961844500L, -812433348L, 684040306L, 1065666672L, -352708060L, 
-796499400L, -2043014630L, -1049315120L, -805652932L, -1739500396L, 
442901634L, 215166912L, -2021001924L, -825792880L, 183794722L, 
-742021112L, -1328368500L, -1772558308L, -656685934L, -1710171008L, 
207617044L, -258690264L, 1837157434L, -861094704L, -1502000020L, 
-112347468L, -1853775854L, 1316397024L, -634055732L, -228280864L, 
1571347490L, 930288936L, -345521908L, 867556924L, 1622217970L, 
510343408L, -1919506620L, 808616024L, -292177350L, -408098576L, 
302414990L, -1843071301L, -1039104355L, -800161206L, 458383464L, 
506286161L, -1664318653L, -1230313916L, -948480782L, 677925063L, 
526131857L, -523559914L, -1896151436L, 1363493125L, 2105827151L, 
-599942840L, -1644944154L, 1548663315L, -1209451147L, -1326562990L, 
1625467296L, -541073271L, -1605449541L, -1966644468L, -295427430L, 
-2058221553L, 1389309017L, 1254064366L, -1595014276L, 975269869L, 
-617854825L, 26719072L, -1347243202L, 829201419L, 1489321101L, 
1400806842L, 859436024L, 442429345L, -653022893L, -504436620L, 
-1692599806L, 1925067927L, 8607329L, 1331863206L, -57989468L, 
-1812376747L, 1991929855L, -914501992L, -72117322L, 279779395L, 
-748949115L, 710160930L, 829929744L, -225810247L, 1323593067L, 
341079132L, 1994086794L, 281611647L, -559890231L, 149198174L, 
1002407436L, -869246499L, 846489831L, -2100671216L, -1844362194L, 
1267464923L, -283104323L, 1023862058L, -57304632L, -563591439L, 
665757795L, -1887138716L, 246161298L, 1426478183L, -946226127L, 
1270777206L, 1999979156L, 2031468709L, 708965807L, -1941770648L, 
1200322118L, 861074419L, 1085756245L, 89480498L, 1862840576L, 
-274101783L, 706247771L, -1018743124L, 1054310586L, -1298277777L, 
-1281308679L, 231982734L, 918382428L, -1095648307L, 122764087L, 
461439424L, -61761890L, -23199893L, 524584685L, 2024829786L, 
898338840L, 615005569L, 509979443L, -1261201068L, 2011376482L, 
-520976393L, -2074023871L, -715391802L, -489129468L, -472615499L, 
-1886205281L, 378546936L, 834543318L, -1301705885L, -928120027L, 
-632401726L, 609705392L, -936288807L, 530013003L, 1648675260L, 
-1317688854L, 1173138975L, 1150004393L, -305023938L, -357151444L, 
2006906749L, 136033735L, -1312231248L, -448270642L, -2022558725L, 
-758107043L, -1638077558L, 1909939112L, 418748689L, -1059557373L, 
-1173490940L, -1824354510L, -107319929L, 702116817L, 77811030L, 
678748980L, 722329157L, 1030195855L, 1514243080L, 119623718L, 
-1059581741L, 1583243829L, 323920274L, 709428576L, 1708797129L, 
